9999999999999999900000000099999999999999999999999999999900000000099999
9999999999999990099999999900999999999999999999999999990099999999900999
9999999999999009999999999999009999999999999999999999009999999999999009
9999999999990999999900099999990999999999999999999990999999900099999990
9999999999990999999099909999990999999999999999999990999999099909999990
9999999999990999990999990999990999999999999999999990999990999990999990
9999999999990999990999990999990999999999999999999990999990999990999990
9999999999990999990900090999990999999999999999999990999990900090999990
9999999999990999990900090999990999999999999999999990999990900090999990
9999999999990999990999990999990999999999999999999990999990999990999990
9999999999990999990999990999990999999999999999999990999990999990999990
9999999999990999999099909999990999999999999999999990999999099909999990
9999999999990999999900099999990999999999999999999990999999900099999990
9999999999999009999999999999009999999999999999999999009999999999999009
9999999999999990099999999900999999999999999999999999990099999999900999
9999999999999999900000000099999999999999999999999999999900000000099999
