8800000008888888888888888888888888888888888888888888888888888888888888
8088888808888888888888888888888888888888888888888888888888888888888888
0888888808888888888888888888888888888888888888888888888888888888888888
0008888808888888888888888888888888888888888888888888888888888888888888
8880888808888888888888888888888888888888888888888888888888888888888888
8880888808888888888888888888888888888888888888888888888888888888888888
8880888808888888888888888888888888888888888888888888888888888888888888
8880888808888888888888888888888888888888888888888888888888888888888888
8880888808888888888888888888888888888888888888888888888888888888888888
8880888808888888888888888888888888888888888888888888888888888888888888
8880888808888888888888888888888888888888888888888888888888888888888888
8880888808888888888888888888888888888888888888888888888888888888888888
0008888880008888888888888888888888888888888888888888888888888888888888
0888888888808888888888888888888888888888888888888888888888888888888888
0888888888808888888888888888888888888888888888888888888888888888888888
0000000000008888888888888888888888888888888888888888888888888888888888
