7777777777777777777777777777777700000000000000077777777777777777777777
7777777777777777777777777777777077777777777777700777777777777777777777
7777777777777777777777777777777077777700000077777077777777777777777777
7777777777777777777777777777777000000077777077777077777777777777777777
7777777777777777777777777777777777777777777077777077777777777777777777
7777777777777777777777777777777777777777777077777077777777777777777777
7777777777777777777777777777777777777777000077770777777777777777777777
7777777777777777777777777777777777700000777777007777777777777777777777
7777777777777777777777777777777770077777777000777777777777777777777777
7777777777777777777777777777777707777700000777777777777777777777777777
7777777777777777777777777777777077777077777777777777777777777777777777
7777777777777777777777777777777077777077777777777777777777777777777777
7777777777777777777777777777777077777077777770000007777777777777777777
7777777777777777777777777777777077777700000007777707777777777777777777
7777777777777777777777777777777077777777777777777707777777777777777777
7777777777777777777777777777777000000000000000000007777777777777777777
