  1111111        000000000      222222222222222         000000000     
 1      1      00         00   2               22     00         00   
1       1    00             00 2      222222     2  00             00 
111     1   0       000       02222222     2     2 0       000       0
   1    1   0      0   0      0            2     2 0      0   0      0
   1    1   0     0     0     0            2     2 0     0     0     0
   1    1   0     0     0     0         2222    2  0     0     0     0
   1    1   0     0 000 0     0    22222      22   0     0 000 0     0
   1    1   0     0 000 0     0  22        222     0     0 000 0     0
   1    1   0     0     0     0 2     22222        0     0     0     0
   1    1   0     0     0     02     2             0     0     0     0
   1    1   0      0   0      02     2             0      0   0      0
111      1110       000       02     2       2222220       000       0
1          1 00             00 2      2222222     2 00             00 
1          1   00         00   2                  2   00         00   
111111111111     000000000     22222222222222222222     000000000     

